a = 3010.7;
b0 = -1.6285;
b1 = 0.644;
T = 4.093 * (10^(-5));


